# Input file: /home/c707165/Steffi/HATPRO/TestData/python_one_hour//ZENIT_140101_030911.BLB
# BLBMin_25.44 10.9499998093
# BLBMin_56.66 272.230010986
# BLBMin_31.4 269.700012207
# BLBMax_56.66 272.519989014
# BLBMax_25.44 91.1200027466
# BLBMin_51.26 269.869995117
# BLBMin_52.28 269.869995117
# BLBMin_23.84 10.6300001144
# FreqAnz 14
# BLBMax_31.4 269.700012207
# BLBTimeRef 1
# BLBCode 567845848
# BLBMin_26.24 129.940002441
# BLBMin_23.04 13.3599996567
# BLBMax_27.84 269.700012207
# BLBMax_58.0 271.920013428
# BLBMin_57.3 272.239990234
# BLBMax_54.94 269.869995117
# BLBMax_23.84 10.0399999619
# BLBMax_26.24 233.589996338
# BLBMax_22.24 14.6000003815
# BLBMax_52.28 269.869995117
# BLBMin_58.0 271.959991455
# AngleAnz 10
# BLBMin_53.86 269.869995117
# N 3
# BLBMax_53.86 269.869995117
# BLBMin_22.24 15.3500003815
# BLBMax_23.04 11.1999998093
# BLBMax_51.26 269.869995117
# BLBMin_27.84 267.799987793
# BLBMax_57.3 271.899993896
# BLBMin_54.94 269.869995117
# timestamp elevation frequence value
    1388545751 90.00  22.24            15.380000
    1388545751 90.00  23.04            14.960000
    1388545751 90.00  23.84            13.360000
    1388545751 90.00  25.44            11.280000
    1388545751 90.00  26.24            10.630000
    1388545751 90.00  27.84            10.270000
    1388545751 90.00  31.40            11.200000
    1388545751 90.00  51.26            91.269997
    1388545751 90.00  52.28           129.940002
    1388545751 90.00  53.86           233.589996
    1388545751 90.00  54.94           267.799988
    1388545751 90.00  56.66           271.899994
    1388545751 90.00  57.30           271.799988
    1388545751 90.00  58.00           271.920013
    1388545751 30.00  22.24            27.600000
    1388545751 30.00  23.04            26.709999
    1388545751 30.00  23.84            23.650000
    1388545751 30.00  25.44            19.639999
    1388545751 30.00  26.24            18.639999
    1388545751 30.00  27.84            17.879999
    1388545751 30.00  31.40            19.540001
    1388545751 30.00  51.26           151.009995
    1388545751 30.00  52.28           196.539993
    1388545751 30.00  53.86           264.970001
    1388545751 30.00  54.94           271.720001
    1388545751 30.00  56.66           271.730011
    1388545751 30.00  57.30           271.739990
    1388545751 30.00  58.00           271.579987
    1388545751 19.20  22.24            39.590000
    1388545751 19.20  23.04            38.209999
    1388545751 19.20  23.84            33.990002
    1388545751 19.20  25.44            28.160000
    1388545751 19.20  26.24            26.660000
    1388545751 19.20  27.84            25.410000
    1388545751 19.20  31.40            27.940001
    1388545751 19.20  51.26           192.009995
    1388545751 19.20  52.28           232.169998
    1388545751 19.20  53.86           270.519989
    1388545751 19.20  54.94           271.839996
    1388545751 19.20  56.66           271.519989
    1388545751 19.20  57.30           271.619995
    1388545751 19.20  58.00           271.609985
    1388545751 14.40  22.24            50.869999
    1388545751 14.40  23.04            49.130001
    1388545751 14.40  23.84            43.540001
    1388545751 14.40  25.44            36.220001
    1388545751 14.40  26.24            34.080002
    1388545751 14.40  27.84            32.480000
    1388545751 14.40  31.40            35.529999
    1388545751 14.40  51.26           216.720001
    1388545751 14.40  52.28           249.220001
    1388545751 14.40  53.86           271.549988
    1388545751 14.40  54.94           271.869995
    1388545751 14.40  56.66           271.440002
    1388545751 14.40  57.30           271.279999
    1388545751 14.40  58.00           271.339996
    1388545751 11.40  22.24            62.130001
    1388545751 11.40  23.04            60.000000
    1388545751 11.40  23.84            53.110001
    1388545751 11.40  25.44            44.160000
    1388545751 11.40  26.24            41.509998
    1388545751 11.40  27.84            39.580002
    1388545751 11.40  31.40            43.119999
    1388545751 11.40  51.26           234.039993
    1388545751 11.40  52.28           259.010010
    1388545751 11.40  53.86           272.230011
    1388545751 11.40  54.94           271.929993
    1388545751 11.40  56.66           271.510010
    1388545751 11.40  57.30           271.429993
    1388545751 11.40  58.00           271.250000
    1388545751 8.40  22.24            79.309998
    1388545751 8.40  23.04            76.800003
    1388545751 8.40  23.84            67.830002
    1388545751 8.40  25.44            62.779999
    1388545751 8.40  26.24            53.200001
    1388545751 8.40  27.84            50.630001
    1388545751 8.40  31.40            54.889999
    1388545751 8.40  51.26           250.660004
    1388545751 8.40  52.28           266.369995
    1388545751 8.40  53.86           272.519989
    1388545751 8.40  54.94           272.239990
    1388545751 8.40  56.66           271.420013
    1388545751 8.40  57.30           271.290009
    1388545751 8.40  58.00           271.220001
    1388545751 6.60  22.24            99.510002
    1388545751 6.60  23.04            95.870003
    1388545751 6.60  23.84            85.300003
    1388545751 6.60  25.44           119.120003
    1388545751 6.60  26.24            67.820000
    1388545751 6.60  27.84            63.799999
    1388545751 6.60  31.40            68.019997
    1388545751 6.60  51.26           260.250000
    1388545751 6.60  52.28           269.709991
    1388545751 6.60  53.86           272.489990
    1388545751 6.60  54.94           271.940002
    1388545751 6.60  56.66           271.250000
    1388545751 6.60  57.30           271.239990
    1388545751 6.60  58.00           271.019989
    1388545751 5.40  22.24           119.449997
    1388545751 5.40  23.04           115.769997
    1388545751 5.40  23.84           104.489998
    1388545751 5.40  25.44           160.050003
    1388545751 5.40  26.24            86.070000
    1388545751 5.40  27.84            80.180000
    1388545751 5.40  31.40            83.430000
    1388545751 5.40  51.26           265.179993
    1388545751 5.40  52.28           271.149994
    1388545751 5.40  53.86           272.359985
    1388545751 5.40  54.94           271.920013
    1388545751 5.40  56.66           271.040009
    1388545751 5.40  57.30           271.170013
    1388545751 5.40  58.00           270.959991
    1388545751 4.80  22.24           132.050003
    1388545751 4.80  23.04           128.899994
    1388545751 4.80  23.84           117.459999
    1388545751 4.80  25.44           179.460007
    1388545751 4.80  26.24            99.989998
    1388545751 4.80  27.84            93.070000
    1388545751 4.80  31.40            95.949997
    1388545751 4.80  51.26           267.079987
    1388545751 4.80  52.28           271.750000
    1388545751 4.80  53.86           272.320007
    1388545751 4.80  54.94           271.649994
    1388545751 4.80  56.66           271.149994
    1388545751 4.80  57.30           271.160004
    1388545751 4.80  58.00           270.940002
    1388545751 4.20  22.24           145.820007
    1388545751 4.20  23.04           143.779999
    1388545751 4.20  23.84           132.600006
    1388545751 4.20  25.44           246.089996
    1388545751 4.20  26.24           117.449997
    1388545751 4.20  27.84           109.500000
    1388545751 4.20  31.40           112.680000
    1388545751 4.20  51.26           268.720001
    1388545751 4.20  52.28           272.230011
    1388545751 4.20  53.86           272.390015
    1388545751 4.20  54.94           271.570007
    1388545751 4.20  56.66           271.089996
    1388545751 4.20  57.30           271.019989
    1388545751 4.20  58.00           270.859985
    1388545751 0.00  22.24           269.700012
    1388545751 0.00  23.04           269.700012
    1388545751 0.00  23.84           269.700012
    1388545751 0.00  25.44           269.700012
    1388545751 0.00  26.24           269.700012
    1388545751 0.00  27.84           269.700012
    1388545751 0.00  31.40           269.700012
    1388545751 0.00  51.26           269.700012
    1388545751 0.00  52.28           269.700012
    1388545751 0.00  53.86           269.700012
    1388545751 0.00  54.94           269.700012
    1388545751 0.00  56.66           269.700012
    1388545751 0.00  57.30           269.700012
    1388545751 0.00  58.00           269.700012
    1388546051 90.00  22.24            15.350000
    1388546051 90.00  23.04            14.600000
    1388546051 90.00  23.84            13.520000
    1388546051 90.00  25.44            11.200000
    1388546051 90.00  26.24            10.630000
    1388546051 90.00  27.84            10.040000
    1388546051 90.00  31.40            10.950000
    1388546051 90.00  51.26            91.330002
    1388546051 90.00  52.28           130.110001
    1388546051 90.00  53.86           233.639999
    1388546051 90.00  54.94           268.290009
    1388546051 90.00  56.66           271.799988
    1388546051 90.00  57.30           271.859985
    1388546051 90.00  58.00           271.880005
    1388546051 30.00  22.24            27.490000
    1388546051 30.00  23.04            26.309999
    1388546051 30.00  23.84            23.639999
    1388546051 30.00  25.44            19.540001
    1388546051 30.00  26.24            18.580000
    1388546051 30.00  27.84            17.620001
    1388546051 30.00  31.40            19.190001
    1388546051 30.00  51.26           151.130005
    1388546051 30.00  52.28           196.440002
    1388546051 30.00  53.86           264.929993
    1388546051 30.00  54.94           271.559998
    1388546051 30.00  56.66           271.450012
    1388546051 30.00  57.30           271.510010
    1388546051 30.00  58.00           271.480011
    1388546051 19.20  22.24            39.419998
    1388546051 19.20  23.04            37.759998
    1388546051 19.20  23.84            33.740002
    1388546051 19.20  25.44            27.959999
    1388546051 19.20  26.24            26.490000
    1388546051 19.20  27.84            25.200001
    1388546051 19.20  31.40            27.650000
    1388546051 19.20  51.26           192.089996
    1388546051 19.20  52.28           232.149994
    1388546051 19.20  53.86           270.480011
    1388546051 19.20  54.94           271.890015
    1388546051 19.20  56.66           271.420013
    1388546051 19.20  57.30           271.399994
    1388546051 19.20  58.00           271.250000
    1388546051 14.40  22.24            50.810001
    1388546051 14.40  23.04            48.820000
    1388546051 14.40  23.84            43.520000
    1388546051 14.40  25.44            36.130001
    1388546051 14.40  26.24            33.990002
    1388546051 14.40  27.84            32.389999
    1388546051 14.40  31.40            35.299999
    1388546051 14.40  51.26           216.759995
    1388546051 14.40  52.28           249.240005
    1388546051 14.40  53.86           271.579987
    1388546051 14.40  54.94           271.950012
    1388546051 14.40  56.66           271.299988
    1388546051 14.40  57.30           271.239990
    1388546051 14.40  58.00           271.029999
    1388546051 11.40  22.24            62.080002
    1388546051 11.40  23.04            59.779999
    1388546051 11.40  23.84            53.189999
    1388546051 11.40  25.44            44.169998
    1388546051 11.40  26.24            41.520000
    1388546051 11.40  27.84            39.500000
    1388546051 11.40  31.40            42.980000
    1388546051 11.40  51.26           233.979996
    1388546051 11.40  52.28           258.989990
    1388546051 11.40  53.86           271.769989
    1388546051 11.40  54.94           271.829987
    1388546051 11.40  56.66           271.049988
    1388546051 11.40  57.30           271.100006
    1388546051 11.40  58.00           271.040009
    1388546051 8.40  22.24            79.349998
    1388546051 8.40  23.04            76.639999
    1388546051 8.40  23.84            68.040001
    1388546051 8.40  25.44            62.650002
    1388546051 8.40  26.24            53.310001
    1388546051 8.40  27.84            50.599998
    1388546051 8.40  31.40            54.860001
    1388546051 8.40  51.26           250.460007
    1388546051 8.40  52.28           266.299988
    1388546051 8.40  53.86           272.200012
    1388546051 8.40  54.94           271.820007
    1388546051 8.40  56.66           270.980011
    1388546051 8.40  57.30           271.049988
    1388546051 8.40  58.00           270.959991
    1388546051 6.60  22.24            97.309998
    1388546051 6.60  23.04            93.610001
    1388546051 6.60  23.84            83.589996
    1388546051 6.60  25.44           111.860001
    1388546051 6.60  26.24            66.160004
    1388546051 6.60  27.84            62.369999
    1388546051 6.60  31.40            66.610001
    1388546051 6.60  51.26           259.410004
    1388546051 6.60  52.28           269.480011
    1388546051 6.60  53.86           272.230011
    1388546051 6.60  54.94           271.910004
    1388546051 6.60  56.66           271.029999
    1388546051 6.60  57.30           270.980011
    1388546051 6.60  58.00           270.779999
    1388546051 5.40  22.24           119.019997
    1388546051 5.40  23.04           115.199997
    1388546051 5.40  23.84           104.150002
    1388546051 5.40  25.44           158.970001
    1388546051 5.40  26.24            85.809998
    1388546051 5.40  27.84            79.919998
    1388546051 5.40  31.40            83.160004
    1388546051 5.40  51.26           264.929993
    1388546051 5.40  52.28           270.730011
    1388546051 5.40  53.86           271.929993
    1388546051 5.40  54.94           271.640015
    1388546051 5.40  56.66           270.850006
    1388546051 5.40  57.30           270.769989
    1388546051 5.40  58.00           270.690002
    1388546051 4.80  22.24           131.460007
    1388546051 4.80  23.04           128.270004
    1388546051 4.80  23.84           117.080002
    1388546051 4.80  25.44           176.949997
    1388546051 4.80  26.24            99.589996
    1388546051 4.80  27.84            92.650002
    1388546051 4.80  31.40            95.580002
    1388546051 4.80  51.26           266.970001
    1388546051 4.80  52.28           271.410004
    1388546051 4.80  53.86           272.049988
    1388546051 4.80  54.94           271.779999
    1388546051 4.80  56.66           270.859985
    1388546051 4.80  57.30           270.859985
    1388546051 4.80  58.00           270.660004
    1388546051 4.20  22.24           145.210007
    1388546051 4.20  23.04           143.339996
    1388546051 4.20  23.84           132.070007
    1388546051 4.20  25.44           241.600006
    1388546051 4.20  26.24           116.989998
    1388546051 4.20  27.84           108.989998
    1388546051 4.20  31.40           112.160004
    1388546051 4.20  51.26           268.670013
    1388546051 4.20  52.28           271.779999
    1388546051 4.20  53.86           272.040009
    1388546051 4.20  54.94           271.570007
    1388546051 4.20  56.66           270.809998
    1388546051 4.20  57.30           270.799988
    1388546051 4.20  58.00           270.730011
    1388546051 0.00  22.24           269.790009
    1388546051 0.00  23.04           269.790009
    1388546051 0.00  23.84           269.790009
    1388546051 0.00  25.44           269.790009
    1388546051 0.00  26.24           269.790009
    1388546051 0.00  27.84           269.790009
    1388546051 0.00  31.40           269.790009
    1388546051 0.00  51.26           269.790009
    1388546051 0.00  52.28           269.790009
    1388546051 0.00  53.86           269.790009
    1388546051 0.00  54.94           269.790009
    1388546051 0.00  56.66           269.790009
    1388546051 0.00  57.30           269.790009
    1388546051 0.00  58.00           269.790009
    1388546351 90.00  22.24            15.520000
    1388546351 90.00  23.04            14.740000
    1388546351 90.00  23.84            13.510000
    1388546351 90.00  25.44            11.240000
    1388546351 90.00  26.24            10.680000
    1388546351 90.00  27.84            10.320000
    1388546351 90.00  31.40            11.180000
    1388546351 90.00  51.26            91.120003
    1388546351 90.00  52.28           130.220001
    1388546351 90.00  53.86           233.619995
    1388546351 90.00  54.94           267.859985
    1388546351 90.00  56.66           271.829987
    1388546351 90.00  57.30           271.959991
    1388546351 90.00  58.00           271.540009
    1388546351 30.00  22.24            27.870001
    1388546351 30.00  23.04            26.690001
    1388546351 30.00  23.84            23.820000
    1388546351 30.00  25.44            19.660000
    1388546351 30.00  26.24            18.680000
    1388546351 30.00  27.84            17.870001
    1388546351 30.00  31.40            19.490000
    1388546351 30.00  51.26           150.889999
    1388546351 30.00  52.28           196.399994
    1388546351 30.00  53.86           265.130005
    1388546351 30.00  54.94           271.279999
    1388546351 30.00  56.66           271.269989
    1388546351 30.00  57.30           271.369995
    1388546351 30.00  58.00           271.079987
    1388546351 19.20  22.24            39.849998
    1388546351 19.20  23.04            38.180000
    1388546351 19.20  23.84            34.150002
    1388546351 19.20  25.44            28.139999
    1388546351 19.20  26.24            26.680000
    1388546351 19.20  27.84            25.510000
    1388546351 19.20  31.40            27.840000
    1388546351 19.20  51.26           191.960007
    1388546351 19.20  52.28           232.100006
    1388546351 19.20  53.86           270.489990
    1388546351 19.20  54.94           271.570007
    1388546351 19.20  56.66           271.119995
    1388546351 19.20  57.30           270.920013
    1388546351 19.20  58.00           270.660004
    1388546351 14.40  22.24            50.849998
    1388546351 14.40  23.04            48.810001
    1388546351 14.40  23.84            43.660000
    1388546351 14.40  25.44            36.119999
    1388546351 14.40  26.24            34.020000
    1388546351 14.40  27.84            32.560001
    1388546351 14.40  31.40            35.450001
    1388546351 14.40  51.26           216.929993
    1388546351 14.40  52.28           249.350006
    1388546351 14.40  53.86           271.700012
    1388546351 14.40  54.94           271.670013
    1388546351 14.40  56.66           271.160004
    1388546351 14.40  57.30           271.019989
    1388546351 14.40  58.00           270.890015
    1388546351 11.40  22.24            62.000000
    1388546351 11.40  23.04            59.560001
    1388546351 11.40  23.84            53.240002
    1388546351 11.40  25.44            44.060001
    1388546351 11.40  26.24            41.470001
    1388546351 11.40  27.84            39.610001
    1388546351 11.40  31.40            43.119999
    1388546351 11.40  51.26           233.710007
    1388546351 11.40  52.28           258.640015
    1388546351 11.40  53.86           271.570007
    1388546351 11.40  54.94           271.109985
    1388546351 11.40  56.66           270.799988
    1388546351 11.40  57.30           270.640015
    1388546351 11.40  58.00           270.540009
    1388546351 8.40  22.24            79.449997
    1388546351 8.40  23.04            76.680000
    1388546351 8.40  23.84            68.309998
    1388546351 8.40  25.44            62.799999
    1388546351 8.40  26.24            53.400002
    1388546351 8.40  27.84            50.889999
    1388546351 8.40  31.40            54.990002
    1388546351 8.40  51.26           250.490005
    1388546351 8.40  52.28           266.279999
    1388546351 8.40  53.86           272.029999
    1388546351 8.40  54.94           271.100006
    1388546351 8.40  56.66           270.679993
    1388546351 8.40  57.30           270.739990
    1388546351 8.40  58.00           270.299988
    1388546351 6.60  22.24            99.220001
    1388546351 6.60  23.04            95.379997
    1388546351 6.60  23.84            85.370003
    1388546351 6.60  25.44           118.750000
    1388546351 6.60  26.24            67.730003
    1388546351 6.60  27.84            63.849998
    1388546351 6.60  31.40            68.010002
    1388546351 6.60  51.26           260.250000
    1388546351 6.60  52.28           269.570007
    1388546351 6.60  53.86           271.980011
    1388546351 6.60  54.94           271.299988
    1388546351 6.60  56.66           270.750000
    1388546351 6.60  57.30           270.670013
    1388546351 6.60  58.00           270.399994
    1388546351 5.40  22.24           118.660004
    1388546351 5.40  23.04           114.760002
    1388546351 5.40  23.84           103.889999
    1388546351 5.40  25.44           159.759995
    1388546351 5.40  26.24            85.570000
    1388546351 5.40  27.84            79.790001
    1388546351 5.40  31.40            83.059998
    1388546351 5.40  51.26           264.760010
    1388546351 5.40  52.28           270.760010
    1388546351 5.40  53.86           271.679993
    1388546351 5.40  54.94           271.089996
    1388546351 5.40  56.66           270.510010
    1388546351 5.40  57.30           270.589996
    1388546351 5.40  58.00           270.239990
    1388546351 4.80  22.24           130.929993
    1388546351 4.80  23.04           127.639999
    1388546351 4.80  23.84           116.660004
    1388546351 4.80  25.44           177.699997
    1388546351 4.80  26.24            99.199997
    1388546351 4.80  27.84            92.389999
    1388546351 4.80  31.40            95.320000
    1388546351 4.80  51.26           266.679993
    1388546351 4.80  52.28           271.149994
    1388546351 4.80  53.86           271.609985
    1388546351 4.80  54.94           271.149994
    1388546351 4.80  56.66           270.540009
    1388546351 4.80  57.30           270.549988
    1388546351 4.80  58.00           270.209991
    1388546351 4.20  22.24           144.570007
    1388546351 4.20  23.04           142.449997
    1388546351 4.20  23.84           131.490005
    1388546351 4.20  25.44           241.990005
    1388546351 4.20  26.24           116.500000
    1388546351 4.20  27.84           108.690002
    1388546351 4.20  31.40           111.889999
    1388546351 4.20  51.26           268.290009
    1388546351 4.20  52.28           271.790009
    1388546351 4.20  53.86           271.660004
    1388546351 4.20  54.94           271.109985
    1388546351 4.20  56.66           270.519989
    1388546351 4.20  57.30           270.489990
    1388546351 4.20  58.00           270.230011
    1388546351 0.00  22.24           269.869995
    1388546351 0.00  23.04           269.869995
    1388546351 0.00  23.84           269.869995
    1388546351 0.00  25.44           269.869995
    1388546351 0.00  26.24           269.869995
    1388546351 0.00  27.84           269.869995
    1388546351 0.00  31.40           269.869995
    1388546351 0.00  51.26           269.869995
    1388546351 0.00  52.28           269.869995
    1388546351 0.00  53.86           269.869995
    1388546351 0.00  54.94           269.869995
    1388546351 0.00  56.66           269.869995
    1388546351 0.00  57.30           269.869995
    1388546351 0.00  58.00           269.869995
# Input file: /home/c707165/Steffi/HATPRO/TestData/python_one_hour//ZENIT_140101_032410.BLB
# BLBMin_25.44 11.2299995422
# BLBMin_56.66 271.399993896
# BLBMin_31.4 269.5
# BLBMax_56.66 272.0
# BLBMax_25.44 91.1100006104
# BLBMin_51.26 269.630004883
# BLBMin_52.28 269.630004883
# BLBMin_23.84 10.7899999619
# FreqAnz 14
# BLBMax_31.4 269.5
# BLBTimeRef 1
# BLBCode 567845848
# BLBMin_26.24 129.899993896
# BLBMin_23.04 13.6099996567
# BLBMax_27.84 269.5
# BLBMax_58.0 271.799987793
# BLBMin_57.3 272.100006104
# BLBMax_54.94 269.630004883
# BLBMax_23.84 10.3000001907
# BLBMax_26.24 233.399993896
# BLBMax_22.24 14.8500003815
# BLBMax_52.28 269.630004883
# BLBMin_58.0 271.809997559
# AngleAnz 10
# BLBMin_53.86 269.630004883
# N 3
# BLBMax_53.86 269.630004883
# BLBMin_22.24 15.5500001907
# BLBMax_23.04 11.3699998856
# BLBMax_51.26 269.630004883
# BLBMin_27.84 267.859985352
# BLBMax_57.3 272.040008545
# BLBMin_54.94 269.630004883
# timestamp elevation frequence value
    1388546650 90.00  22.24            15.870000
    1388546650 90.00  23.04            15.270000
    1388546650 90.00  23.84            13.980000
    1388546650 90.00  25.44            11.620000
    1388546650 90.00  26.24            10.990000
    1388546650 90.00  27.84            10.580000
    1388546650 90.00  31.40            11.440000
    1388546650 90.00  51.26            91.320000
    1388546650 90.00  52.28           130.119995
    1388546650 90.00  53.86           233.649994
    1388546650 90.00  54.94           268.059998
    1388546650 90.00  56.66           271.839996
    1388546650 90.00  57.30           271.809998
    1388546650 90.00  58.00           271.779999
    1388546650 30.00  22.24            28.020000
    1388546650 30.00  23.04            26.940001
    1388546650 30.00  23.84            24.110001
    1388546650 30.00  25.44            19.910000
    1388546650 30.00  26.24            18.889999
    1388546650 30.00  27.84            18.030001
    1388546650 30.00  31.40            19.650000
    1388546650 30.00  51.26           150.970001
    1388546650 30.00  52.28           196.610001
    1388546650 30.00  53.86           265.070007
    1388546650 30.00  54.94           271.579987
    1388546650 30.00  56.66           271.369995
    1388546650 30.00  57.30           271.359985
    1388546650 30.00  58.00           271.250000
    1388546650 19.20  22.24            40.540001
    1388546650 19.20  23.04            38.849998
    1388546650 19.20  23.84            34.709999
    1388546650 19.20  25.44            28.600000
    1388546650 19.20  26.24            27.040001
    1388546650 19.20  27.84            25.799999
    1388546650 19.20  31.40            28.170000
    1388546650 19.20  51.26           191.979996
    1388546650 19.20  52.28           232.229996
    1388546650 19.20  53.86           270.529999
    1388546650 19.20  54.94           271.750000
    1388546650 19.20  56.66           271.059998
    1388546650 19.20  57.30           270.980011
    1388546650 19.20  58.00           270.940002
    1388546650 14.40  22.24            51.230000
    1388546650 14.40  23.04            49.220001
    1388546650 14.40  23.84            43.910000
    1388546650 14.40  25.44            36.410000
    1388546650 14.40  26.24            34.279999
    1388546650 14.40  27.84            32.650002
    1388546650 14.40  31.40            35.650002
    1388546650 14.40  51.26           216.800003
    1388546650 14.40  52.28           249.350006
    1388546650 14.40  53.86           271.720001
    1388546650 14.40  54.94           271.630005
    1388546650 14.40  56.66           270.940002
    1388546650 14.40  57.30           270.869995
    1388546650 14.40  58.00           270.679993
    1388546650 11.40  22.24            62.160000
    1388546650 11.40  23.04            59.880001
    1388546650 11.40  23.84            53.320000
    1388546650 11.40  25.44            44.240002
    1388546650 11.40  26.24            41.619999
    1388546650 11.40  27.84            39.689999
    1388546650 11.40  31.40            43.150002
    1388546650 11.40  51.26           233.889999
    1388546650 11.40  52.28           258.760010
    1388546650 11.40  53.86           271.820007
    1388546650 11.40  54.94           271.230011
    1388546650 11.40  56.66           270.829987
    1388546650 11.40  57.30           270.899994
    1388546650 11.40  58.00           270.709991
    1388546650 8.40  22.24            79.779999
    1388546650 8.40  23.04            77.180000
    1388546650 8.40  23.84            68.599998
    1388546650 8.40  25.44            63.090000
    1388546650 8.40  26.24            53.700001
    1388546650 8.40  27.84            50.980000
    1388546650 8.40  31.40            55.139999
    1388546650 8.40  51.26           250.229996
    1388546650 8.40  52.28           266.339996
    1388546650 8.40  53.86           271.910004
    1388546650 8.40  54.94           271.279999
    1388546650 8.40  56.66           270.690002
    1388546650 8.40  57.30           270.519989
    1388546650 8.40  58.00           270.510010
    1388546650 6.60  22.24            99.750000
    1388546650 6.60  23.04            96.129997
    1388546650 6.60  23.84            86.019997
    1388546650 6.60  25.44           118.360001
    1388546650 6.60  26.24            68.199997
    1388546650 6.60  27.84            64.120003
    1388546650 6.60  31.40            68.290001
    1388546650 6.60  51.26           259.980011
    1388546650 6.60  52.28           269.459991
    1388546650 6.60  53.86           271.619995
    1388546650 6.60  54.94           271.029999
    1388546650 6.60  56.66           270.579987
    1388546650 6.60  57.30           270.510010
    1388546650 6.60  58.00           270.399994
    1388546650 5.40  22.24           119.110001
    1388546650 5.40  23.04           115.400002
    1388546650 5.40  23.84           104.459999
    1388546650 5.40  25.44           159.059998
    1388546650 5.40  26.24            86.040001
    1388546650 5.40  27.84            80.129997
    1388546650 5.40  31.40            83.339996
    1388546650 5.40  51.26           264.799988
    1388546650 5.40  52.28           270.609985
    1388546650 5.40  53.86           271.390015
    1388546650 5.40  54.94           270.839996
    1388546650 5.40  56.66           270.269989
    1388546650 5.40  57.30           270.339996
    1388546650 5.40  58.00           270.149994
    1388546650 4.80  22.24           131.289993
    1388546650 4.80  23.04           128.190002
    1388546650 4.80  23.84           116.970001
    1388546650 4.80  25.44           178.360001
    1388546650 4.80  26.24            99.599998
    1388546650 4.80  27.84            92.680000
    1388546650 4.80  31.40            95.480003
    1388546650 4.80  51.26           266.670013
    1388546650 4.80  52.28           270.970001
    1388546650 4.80  53.86           271.450012
    1388546650 4.80  54.94           270.839996
    1388546650 4.80  56.66           270.450012
    1388546650 4.80  57.30           270.399994
    1388546650 4.80  58.00           270.260010
    1388546650 4.20  22.24           144.800003
    1388546650 4.20  23.04           142.809998
    1388546650 4.20  23.84           131.639999
    1388546650 4.20  25.44           243.929993
    1388546650 4.20  26.24           116.800003
    1388546650 4.20  27.84           108.919998
    1388546650 4.20  31.40           111.989998
    1388546650 4.20  51.26           268.019989
    1388546650 4.20  52.28           271.399994
    1388546650 4.20  53.86           271.350006
    1388546650 4.20  54.94           270.809998
    1388546650 4.20  56.66           270.160004
    1388546650 4.20  57.30           270.119995
    1388546650 4.20  58.00           269.839996
    1388546650 0.00  22.24           269.630005
    1388546650 0.00  23.04           269.630005
    1388546650 0.00  23.84           269.630005
    1388546650 0.00  25.44           269.630005
    1388546650 0.00  26.24           269.630005
    1388546650 0.00  27.84           269.630005
    1388546650 0.00  31.40           269.630005
    1388546650 0.00  51.26           269.630005
    1388546650 0.00  52.28           269.630005
    1388546650 0.00  53.86           269.630005
    1388546650 0.00  54.94           269.630005
    1388546650 0.00  56.66           269.630005
    1388546650 0.00  57.30           269.630005
    1388546650 0.00  58.00           269.630005
    1388546952 90.00  22.24            15.550000
    1388546952 90.00  23.04            14.850000
    1388546952 90.00  23.84            13.610000
    1388546952 90.00  25.44            11.370000
    1388546952 90.00  26.24            10.790000
    1388546952 90.00  27.84            10.300000
    1388546952 90.00  31.40            11.230000
    1388546952 90.00  51.26            91.110001
    1388546952 90.00  52.28           129.899994
    1388546952 90.00  53.86           233.399994
    1388546952 90.00  54.94           268.089996
    1388546952 90.00  56.66           272.040009
    1388546952 90.00  57.30           271.799988
    1388546952 90.00  58.00           271.799988
    1388546952 30.00  22.24            27.889999
    1388546952 30.00  23.04            26.660000
    1388546952 30.00  23.84            23.840000
    1388546952 30.00  25.44            19.760000
    1388546952 30.00  26.24            18.790001
    1388546952 30.00  27.84            17.870001
    1388546952 30.00  31.40            19.540001
    1388546952 30.00  51.26           150.839996
    1388546952 30.00  52.28           196.199997
    1388546952 30.00  53.86           264.899994
    1388546952 30.00  54.94           271.709991
    1388546952 30.00  56.66           271.679993
    1388546952 30.00  57.30           271.429993
    1388546952 30.00  58.00           271.339996
    1388546952 19.20  22.24            40.450001
    1388546952 19.20  23.04            38.619999
    1388546952 19.20  23.84            34.459999
    1388546952 19.20  25.44            28.420000
    1388546952 19.20  26.24            26.920000
    1388546952 19.20  27.84            25.700001
    1388546952 19.20  31.40            28.059999
    1388546952 19.20  51.26           191.839996
    1388546952 19.20  52.28           232.110001
    1388546952 19.20  53.86           270.480011
    1388546952 19.20  54.94           271.899994
    1388546952 19.20  56.66           271.480011
    1388546952 19.20  57.30           271.190002
    1388546952 19.20  58.00           271.179993
    1388546952 14.40  22.24            51.150002
    1388546952 14.40  23.04            49.009998
    1388546952 14.40  23.84            43.639999
    1388546952 14.40  25.44            36.209999
    1388546952 14.40  26.24            34.150002
    1388546952 14.40  27.84            32.520000
    1388546952 14.40  31.40            35.500000
    1388546952 14.40  51.26           216.509995
    1388546952 14.40  52.28           249.410004
    1388546952 14.40  53.86           271.829987
    1388546952 14.40  54.94           272.100006
    1388546952 14.40  56.66           271.450012
    1388546952 14.40  57.30           271.269989
    1388546952 14.40  58.00           271.190002
    1388546952 11.40  22.24            62.049999
    1388546952 11.40  23.04            59.610001
    1388546952 11.40  23.84            53.230000
    1388546952 11.40  25.44            44.049999
    1388546952 11.40  26.24            41.470001
    1388546952 11.40  27.84            39.490002
    1388546952 11.40  31.40            43.080002
    1388546952 11.40  51.26           233.410004
    1388546952 11.40  52.28           258.720001
    1388546952 11.40  53.86           271.820007
    1388546952 11.40  54.94           271.630005
    1388546952 11.40  56.66           271.220001
    1388546952 11.40  57.30           270.899994
    1388546952 11.40  58.00           270.799988
    1388546952 8.40  22.24            79.720001
    1388546952 8.40  23.04            76.910004
    1388546952 8.40  23.84            68.480003
    1388546952 8.40  25.44            63.049999
    1388546952 8.40  26.24            53.560001
    1388546952 8.40  27.84            50.830002
    1388546952 8.40  31.40            55.049999
    1388546952 8.40  51.26           250.289993
    1388546952 8.40  52.28           266.149994
    1388546952 8.40  53.86           271.950012
    1388546952 8.40  54.94           271.609985
    1388546952 8.40  56.66           271.149994
    1388546952 8.40  57.30           271.089996
    1388546952 8.40  58.00           270.970001
    1388546952 6.60  22.24            97.839996
    1388546952 6.60  23.04            94.250000
    1388546952 6.60  23.84            84.160004
    1388546952 6.60  25.44           112.900002
    1388546952 6.60  26.24            66.580002
    1388546952 6.60  27.84            62.709999
    1388546952 6.60  31.40            67.019997
    1388546952 6.60  51.26           259.200012
    1388546952 6.60  52.28           269.119995
    1388546952 6.60  53.86           271.790009
    1388546952 6.60  54.94           271.529999
    1388546952 6.60  56.66           271.100006
    1388546952 6.60  57.30           270.950012
    1388546952 6.60  58.00           270.760010
    1388546952 5.40  22.24           119.250000
    1388546952 5.40  23.04           115.680000
    1388546952 5.40  23.84           104.540001
    1388546952 5.40  25.44           160.399994
    1388546952 5.40  26.24            86.089996
    1388546952 5.40  27.84            80.199997
    1388546952 5.40  31.40            83.370003
    1388546952 5.40  51.26           264.799988
    1388546952 5.40  52.28           270.700012
    1388546952 5.40  53.86           271.630005
    1388546952 5.40  54.94           271.429993
    1388546952 5.40  56.66           271.040009
    1388546952 5.40  57.30           270.869995
    1388546952 5.40  58.00           270.809998
    1388546952 4.80  22.24           131.490005
    1388546952 4.80  23.04           128.330002
    1388546952 4.80  23.84           117.150002
    1388546952 4.80  25.44           178.830002
    1388546952 4.80  26.24            99.610001
    1388546952 4.80  27.84            92.720001
    1388546952 4.80  31.40            95.589996
    1388546952 4.80  51.26           266.399994
    1388546952 4.80  52.28           270.829987
    1388546952 4.80  53.86           271.410004
    1388546952 4.80  54.94           271.100006
    1388546952 4.80  56.66           270.869995
    1388546952 4.80  57.30           270.540009
    1388546952 4.80  58.00           270.589996
    1388546952 4.20  22.24           144.929993
    1388546952 4.20  23.04           142.929993
    1388546952 4.20  23.84           131.809998
    1388546952 4.20  25.44           244.139999
    1388546952 4.20  26.24           116.680000
    1388546952 4.20  27.84           108.860001
    1388546952 4.20  31.40           111.919998
    1388546952 4.20  51.26           267.989990
    1388546952 4.20  52.28           271.399994
    1388546952 4.20  53.86           271.350006
    1388546952 4.20  54.94           271.089996
    1388546952 4.20  56.66           270.869995
    1388546952 4.20  57.30           270.579987
    1388546952 4.20  58.00           270.359985
    1388546952 0.00  22.24           269.500000
    1388546952 0.00  23.04           269.500000
    1388546952 0.00  23.84           269.500000
    1388546952 0.00  25.44           269.500000
    1388546952 0.00  26.24           269.500000
    1388546952 0.00  27.84           269.500000
    1388546952 0.00  31.40           269.500000
    1388546952 0.00  51.26           269.500000
    1388546952 0.00  52.28           269.500000
    1388546952 0.00  53.86           269.500000
    1388546952 0.00  54.94           269.500000
    1388546952 0.00  56.66           269.500000
    1388546952 0.00  57.30           269.500000
    1388546952 0.00  58.00           269.500000
    1388547250 90.00  22.24            15.820000
    1388547250 90.00  23.04            15.250000
    1388547250 90.00  23.84            13.820000
    1388547250 90.00  25.44            11.510000
    1388547250 90.00  26.24            10.830000
    1388547250 90.00  27.84            10.300000
    1388547250 90.00  31.40            11.330000
    1388547250 90.00  51.26            91.110001
    1388547250 90.00  52.28           130.000000
    1388547250 90.00  53.86           233.440002
    1388547250 90.00  54.94           267.859985
    1388547250 90.00  56.66           271.579987
    1388547250 90.00  57.30           271.640015
    1388547250 90.00  58.00           271.600006
    1388547250 30.00  22.24            27.990000
    1388547250 30.00  23.04            26.910000
    1388547250 30.00  23.84            23.990000
    1388547250 30.00  25.44            19.799999
    1388547250 30.00  26.24            18.799999
    1388547250 30.00  27.84            17.760000
    1388547250 30.00  31.40            19.580000
    1388547250 30.00  51.26           151.059998
    1388547250 30.00  52.28           196.550003
    1388547250 30.00  53.86           265.059998
    1388547250 30.00  54.94           271.619995
    1388547250 30.00  56.66           271.350006
    1388547250 30.00  57.30           271.220001
    1388547250 30.00  58.00           271.279999
    1388547250 19.20  22.24            40.470001
    1388547250 19.20  23.04            38.830002
    1388547250 19.20  23.84            34.509998
    1388547250 19.20  25.44            28.389999
    1388547250 19.20  26.24            26.889999
    1388547250 19.20  27.84            25.420000
    1388547250 19.20  31.40            28.030001
    1388547250 19.20  51.26           192.009995
    1388547250 19.20  52.28           232.119995
    1388547250 19.20  53.86           270.459991
    1388547250 19.20  54.94           271.609985
    1388547250 19.20  56.66           271.190002
    1388547250 19.20  57.30           271.160004
    1388547250 19.20  58.00           271.179993
    1388547250 14.40  22.24            51.669998
    1388547250 14.40  23.04            49.689999
    1388547250 14.40  23.84            44.130001
    1388547250 14.40  25.44            36.450001
    1388547250 14.40  26.24            34.259998
    1388547250 14.40  27.84            32.529999
    1388547250 14.40  31.40            35.669998
    1388547250 14.40  51.26           216.850006
    1388547250 14.40  52.28           249.220001
    1388547250 14.40  53.86           271.649994
    1388547250 14.40  54.94           271.709991
    1388547250 14.40  56.66           271.179993
    1388547250 14.40  57.30           271.149994
    1388547250 14.40  58.00           271.000000
    1388547250 11.40  22.24            62.669998
    1388547250 11.40  23.04            60.299999
    1388547250 11.40  23.84            53.669998
    1388547250 11.40  25.44            44.380001
    1388547250 11.40  26.24            41.730000
    1388547250 11.40  27.84            39.650002
    1388547250 11.40  31.40            43.230000
    1388547250 11.40  51.26           234.080002
    1388547250 11.40  52.28           258.980011
    1388547250 11.40  53.86           271.940002
    1388547250 11.40  54.94           271.600006
    1388547250 11.40  56.66           271.100006
    1388547250 11.40  57.30           271.079987
    1388547250 11.40  58.00           270.959991
    1388547250 8.40  22.24            80.190002
    1388547250 8.40  23.04            77.459999
    1388547250 8.40  23.84            68.879997
    1388547250 8.40  25.44            63.160000
    1388547250 8.40  26.24            53.750000
    1388547250 8.40  27.84            50.939999
    1388547250 8.40  31.40            55.180000
    1388547250 8.40  51.26           250.580002
    1388547250 8.40  52.28           266.140015
    1388547250 8.40  53.86           272.000000
    1388547250 8.40  54.94           271.420013
    1388547250 8.40  56.66           270.809998
    1388547250 8.40  57.30           270.820007
    1388547250 8.40  58.00           270.750000
    1388547250 6.60  22.24           100.260002
    1388547250 6.60  23.04            96.510002
    1388547250 6.60  23.84            86.309998
    1388547250 6.60  25.44           118.790001
    1388547250 6.60  26.24            68.379997
    1388547250 6.60  27.84            64.190002
    1388547250 6.60  31.40            68.400002
    1388547250 6.60  51.26           259.970001
    1388547250 6.60  52.28           269.299988
    1388547250 6.60  53.86           271.829987
    1388547250 6.60  54.94           271.140015
    1388547250 6.60  56.66           270.750000
    1388547250 6.60  57.30           270.709991
    1388547250 6.60  58.00           270.480011
    1388547250 5.40  22.24           119.639999
    1388547250 5.40  23.04           116.010002
    1388547250 5.40  23.84           104.860001
    1388547250 5.40  25.44           160.059998
    1388547250 5.40  26.24            86.209999
    1388547250 5.40  27.84            80.239998
    1388547250 5.40  31.40            83.470001
    1388547250 5.40  51.26           265.019989
    1388547250 5.40  52.28           270.589996
    1388547250 5.40  53.86           271.609985
    1388547250 5.40  54.94           271.130005
    1388547250 5.40  56.66           270.820007
    1388547250 5.40  57.30           270.700012
    1388547250 5.40  58.00           270.440002
    1388547250 4.80  22.24           131.759995
    1388547250 4.80  23.04           128.880005
    1388547250 4.80  23.84           117.510002
    1388547250 4.80  25.44           178.729996
    1388547250 4.80  26.24            99.769997
    1388547250 4.80  27.84            92.800003
    1388547250 4.80  31.40            95.660004
    1388547250 4.80  51.26           266.739990
    1388547250 4.80  52.28           270.980011
    1388547250 4.80  53.86           271.510010
    1388547250 4.80  54.94           271.029999
    1388547250 4.80  56.66           270.529999
    1388547250 4.80  57.30           270.600006
    1388547250 4.80  58.00           270.450012
    1388547250 4.20  22.24           145.100006
    1388547250 4.20  23.04           143.710007
    1388547250 4.20  23.84           132.009995
    1388547250 4.20  25.44           243.169998
    1388547250 4.20  26.24           116.750000
    1388547250 4.20  27.84           108.870003
    1388547250 4.20  31.40           111.989998
    1388547250 4.20  51.26           268.109985
    1388547250 4.20  52.28           271.329987
    1388547250 4.20  53.86           271.380005
    1388547250 4.20  54.94           270.910004
    1388547250 4.20  56.66           270.399994
    1388547250 4.20  57.30           270.359985
    1388547250 4.20  58.00           270.160004
    1388547250 0.00  22.24           269.510010
    1388547250 0.00  23.04           269.510010
    1388547250 0.00  23.84           269.510010
    1388547250 0.00  25.44           269.510010
    1388547250 0.00  26.24           269.510010
    1388547250 0.00  27.84           269.510010
    1388547250 0.00  31.40           269.510010
    1388547250 0.00  51.26           269.510010
    1388547250 0.00  52.28           269.510010
    1388547250 0.00  53.86           269.510010
    1388547250 0.00  54.94           269.510010
    1388547250 0.00  56.66           269.510010
    1388547250 0.00  57.30           269.510010
    1388547250 0.00  58.00           269.510010
# Input file: /home/c707165/Steffi/HATPRO/TestData/python_one_hour//ZENIT_140101_033910.BLB
# BLBMin_25.44 11.0
# BLBMin_56.66 271.720001221
# BLBMin_31.4 269.440002441
# BLBMax_56.66 272.029998779
# BLBMax_25.44 91.1500015259
# BLBMin_51.26 269.809997559
# BLBMin_52.28 269.809997559
# BLBMin_23.84 10.5500001907
# FreqAnz 14
# BLBMax_31.4 269.440002441
# BLBTimeRef 1
# BLBCode 567845848
# BLBMin_26.24 129.830001831
# BLBMin_23.04 13.4099998474
# BLBMax_27.84 269.440002441
# BLBMax_58.0 271.850006104
# BLBMin_57.3 271.700012207
# BLBMax_54.94 269.809997559
# BLBMax_23.84 10.0699996948
# BLBMax_26.24 233.399993896
# BLBMax_22.24 14.6700000763
# BLBMax_52.28 269.809997559
# BLBMin_58.0 271.910003662
# AngleAnz 10
# BLBMin_53.86 269.809997559
# N 3
# BLBMax_53.86 269.809997559
# BLBMin_22.24 15.3000001907
# BLBMax_23.04 11.2100000381
# BLBMax_51.26 269.809997559
# BLBMin_27.84 267.720001221
# BLBMax_57.3 271.790008545
# BLBMin_54.94 269.809997559
# timestamp elevation frequence value
    1388547550 90.00  22.24            15.660000
    1388547550 90.00  23.04            15.040000
    1388547550 90.00  23.84            13.720000
    1388547550 90.00  25.44            11.410000
    1388547550 90.00  26.24            10.750000
    1388547550 90.00  27.84            10.350000
    1388547550 90.00  31.40            11.230000
    1388547550 90.00  51.26            91.440002
    1388547550 90.00  52.28           130.130005
    1388547550 90.00  53.86           233.740005
    1388547550 90.00  54.94           267.869995
    1388547550 90.00  56.66           271.790009
    1388547550 90.00  57.30           271.910004
    1388547550 90.00  58.00           271.850006
    1388547550 30.00  22.24            28.040001
    1388547550 30.00  23.04            26.950001
    1388547550 30.00  23.84            23.980000
    1388547550 30.00  25.44            19.780001
    1388547550 30.00  26.24            18.750000
    1388547550 30.00  27.84            17.900000
    1388547550 30.00  31.40            19.490000
    1388547550 30.00  51.26           151.320007
    1388547550 30.00  52.28           196.410004
    1388547550 30.00  53.86           265.070007
    1388547550 30.00  54.94           271.390015
    1388547550 30.00  56.66           271.420013
    1388547550 30.00  57.30           271.290009
    1388547550 30.00  58.00           271.160004
    1388547550 19.20  22.24            40.349998
    1388547550 19.20  23.04            38.680000
    1388547550 19.20  23.84            34.389999
    1388547550 19.20  25.44            28.320000
    1388547550 19.20  26.24            26.770000
    1388547550 19.20  27.84            25.540001
    1388547550 19.20  31.40            27.860001
    1388547550 19.20  51.26           192.190002
    1388547550 19.20  52.28           232.000000
    1388547550 19.20  53.86           270.480011
    1388547550 19.20  54.94           271.440002
    1388547550 19.20  56.66           271.149994
    1388547550 19.20  57.30           270.910004
    1388547550 19.20  58.00           270.880005
    1388547550 14.40  22.24            51.820000
    1388547550 14.40  23.04            49.730000
    1388547550 14.40  23.84            44.090000
    1388547550 14.40  25.44            36.410000
    1388547550 14.40  26.24            34.240002
    1388547550 14.40  27.84            32.700001
    1388547550 14.40  31.40            35.549999
    1388547550 14.40  51.26           216.800003
    1388547550 14.40  52.28           249.320007
    1388547550 14.40  53.86           271.559998
    1388547550 14.40  54.94           271.290009
    1388547550 14.40  56.66           270.890015
    1388547550 14.40  57.30           270.709991
    1388547550 14.40  58.00           270.660004
    1388547550 11.40  22.24            62.660000
    1388547550 11.40  23.04            60.250000
    1388547550 11.40  23.84            53.580002
    1388547550 11.40  25.44            44.320000
    1388547550 11.40  26.24            41.660000
    1388547550 11.40  27.84            39.750000
    1388547550 11.40  31.40            43.139999
    1388547550 11.40  51.26           233.960007
    1388547550 11.40  52.28           258.779999
    1388547550 11.40  53.86           271.760010
    1388547550 11.40  54.94           271.239990
    1388547550 11.40  56.66           270.760010
    1388547550 11.40  57.30           270.760010
    1388547550 11.40  58.00           270.450012
    1388547550 8.40  22.24            79.970001
    1388547550 8.40  23.04            77.269997
    1388547550 8.40  23.84            68.599998
    1388547550 8.40  25.44            63.040001
    1388547550 8.40  26.24            53.639999
    1388547550 8.40  27.84            51.000000
    1388547550 8.40  31.40            55.029999
    1388547550 8.40  51.26           250.679993
    1388547550 8.40  52.28           266.380005
    1388547550 8.40  53.86           272.000000
    1388547550 8.40  54.94           271.149994
    1388547550 8.40  56.66           270.750000
    1388547550 8.40  57.30           270.649994
    1388547550 8.40  58.00           270.559998
    1388547550 6.60  22.24           100.160004
    1388547550 6.60  23.04            96.440002
    1388547550 6.60  23.84            86.199997
    1388547550 6.60  25.44           119.019997
    1388547550 6.60  26.24            68.309998
    1388547550 6.60  27.84            64.260002
    1388547550 6.60  31.40            68.339996
    1388547550 6.60  51.26           260.260010
    1388547550 6.60  52.28           269.609985
    1388547550 6.60  53.86           271.790009
    1388547550 6.60  54.94           271.029999
    1388547550 6.60  56.66           270.420013
    1388547550 6.60  57.30           270.380005
    1388547550 6.60  58.00           270.320007
    1388547550 5.40  22.24           119.680000
    1388547550 5.40  23.04           116.129997
    1388547550 5.40  23.84           104.870003
    1388547550 5.40  25.44           160.669998
    1388547550 5.40  26.24            86.250000
    1388547550 5.40  27.84            80.279999
    1388547550 5.40  31.40            83.459999
    1388547550 5.40  51.26           265.140015
    1388547550 5.40  52.28           270.799988
    1388547550 5.40  53.86           271.959991
    1388547550 5.40  54.94           270.959991
    1388547550 5.40  56.66           270.609985
    1388547550 5.40  57.30           270.589996
    1388547550 5.40  58.00           270.470001
    1388547550 4.80  22.24           131.929993
    1388547550 4.80  23.04           128.979996
    1388547550 4.80  23.84           117.500000
    1388547550 4.80  25.44           179.350006
    1388547550 4.80  26.24            99.860001
    1388547550 4.80  27.84            92.930000
    1388547550 4.80  31.40            95.680000
    1388547550 4.80  51.26           266.760010
    1388547550 4.80  52.28           270.989990
    1388547550 4.80  53.86           271.859985
    1388547550 4.80  54.94           270.690002
    1388547550 4.80  56.66           270.570007
    1388547550 4.80  57.30           270.540009
    1388547550 4.80  58.00           270.269989
    1388547550 4.20  22.24           145.389999
    1388547550 4.20  23.04           143.619995
    1388547550 4.20  23.84           132.259995
    1388547550 4.20  25.44           241.779999
    1388547550 4.20  26.24           117.019997
    1388547550 4.20  27.84           109.000000
    1388547550 4.20  31.40           112.169998
    1388547550 4.20  51.26           268.200012
    1388547550 4.20  52.28           271.209991
    1388547550 4.20  53.86           271.380005
    1388547550 4.20  54.94           270.459991
    1388547550 4.20  56.66           270.170013
    1388547550 4.20  57.30           270.239990
    1388547550 4.20  58.00           269.929993
    1388547550 0.00  22.24           269.440002
    1388547550 0.00  23.04           269.440002
    1388547550 0.00  23.84           269.440002
    1388547550 0.00  25.44           269.440002
    1388547550 0.00  26.24           269.440002
    1388547550 0.00  27.84           269.440002
    1388547550 0.00  31.40           269.440002
    1388547550 0.00  51.26           269.440002
    1388547550 0.00  52.28           269.440002
    1388547550 0.00  53.86           269.440002
    1388547550 0.00  54.94           269.440002
    1388547550 0.00  56.66           269.440002
    1388547550 0.00  57.30           269.440002
    1388547550 0.00  58.00           269.440002
    1388547850 90.00  22.24            15.380000
    1388547850 90.00  23.04            14.670000
    1388547850 90.00  23.84            13.410000
    1388547850 90.00  25.44            11.210000
    1388547850 90.00  26.24            10.590000
    1388547850 90.00  27.84            10.150000
    1388547850 90.00  31.40            11.000000
    1388547850 90.00  51.26            91.309998
    1388547850 90.00  52.28           129.830002
    1388547850 90.00  53.86           233.759995
    1388547850 90.00  54.94           268.040009
    1388547850 90.00  56.66           271.709991
    1388547850 90.00  57.30           271.690002
    1388547850 90.00  58.00           271.600006
    1388547850 30.00  22.24            28.129999
    1388547850 30.00  23.04            26.969999
    1388547850 30.00  23.84            23.990000
    1388547850 30.00  25.44            19.790001
    1388547850 30.00  26.24            18.730000
    1388547850 30.00  27.84            17.799999
    1388547850 30.00  31.40            19.340000
    1388547850 30.00  51.26           151.130005
    1388547850 30.00  52.28           196.119995
    1388547850 30.00  53.86           265.100006
    1388547850 30.00  54.94           271.350006
    1388547850 30.00  56.66           271.279999
    1388547850 30.00  57.30           271.299988
    1388547850 30.00  58.00           271.200012
    1388547850 19.20  22.24            40.639999
    1388547850 19.20  23.04            38.880001
    1388547850 19.20  23.84            34.520000
    1388547850 19.20  25.44            28.400000
    1388547850 19.20  26.24            26.780001
    1388547850 19.20  27.84            25.490000
    1388547850 19.20  31.40            27.850000
    1388547850 19.20  51.26           192.009995
    1388547850 19.20  52.28           231.919998
    1388547850 19.20  53.86           270.540009
    1388547850 19.20  54.94           271.369995
    1388547850 19.20  56.66           271.019989
    1388547850 19.20  57.30           270.920013
    1388547850 19.20  58.00           270.880005
    1388547850 14.40  22.24            51.990002
    1388547850 14.40  23.04            49.820000
    1388547850 14.40  23.84            44.119999
    1388547850 14.40  25.44            36.439999
    1388547850 14.40  26.24            34.230000
    1388547850 14.40  27.84            32.540001
    1388547850 14.40  31.40            35.439999
    1388547850 14.40  51.26           216.850006
    1388547850 14.40  52.28           249.139999
    1388547850 14.40  53.86           271.670013
    1388547850 14.40  54.94           271.420013
    1388547850 14.40  56.66           270.850006
    1388547850 14.40  57.30           270.790009
    1388547850 14.40  58.00           270.760010
    1388547850 11.40  22.24            62.889999
    1388547850 11.40  23.04            60.450001
    1388547850 11.40  23.84            53.570000
    1388547850 11.40  25.44            44.330002
    1388547850 11.40  26.24            41.630001
    1388547850 11.40  27.84            39.630001
    1388547850 11.40  31.40            43.070000
    1388547850 11.40  51.26           233.690002
    1388547850 11.40  52.28           258.549988
    1388547850 11.40  53.86           271.760010
    1388547850 11.40  54.94           271.200012
    1388547850 11.40  56.66           270.700012
    1388547850 11.40  57.30           270.850006
    1388547850 11.40  58.00           270.679993
    1388547850 8.40  22.24            79.820000
    1388547850 8.40  23.04            77.000000
    1388547850 8.40  23.84            68.290001
    1388547850 8.40  25.44            62.980000
    1388547850 8.40  26.24            53.450001
    1388547850 8.40  27.84            50.810001
    1388547850 8.40  31.40            54.880001
    1388547850 8.40  51.26           250.520004
    1388547850 8.40  52.28           265.950012
    1388547850 8.40  53.86           272.029999
    1388547850 8.40  54.94           271.309998
    1388547850 8.40  56.66           270.769989
    1388547850 8.40  57.30           270.890015
    1388547850 8.40  58.00           270.859985
    1388547850 6.60  22.24            99.849998
    1388547850 6.60  23.04            96.150002
    1388547850 6.60  23.84            85.940002
    1388547850 6.60  25.44           119.339996
    1388547850 6.60  26.24            68.110001
    1388547850 6.60  27.84            64.010002
    1388547850 6.60  31.40            68.139999
    1388547850 6.60  51.26           259.980011
    1388547850 6.60  52.28           269.250000
    1388547850 6.60  53.86           272.000000
    1388547850 6.60  54.94           271.070007
    1388547850 6.60  56.66           270.880005
    1388547850 6.60  57.30           270.799988
    1388547850 6.60  58.00           270.829987
    1388547850 5.40  22.24           119.489998
    1388547850 5.40  23.04           115.709999
    1388547850 5.40  23.84           104.639999
    1388547850 5.40  25.44           161.649994
    1388547850 5.40  26.24            86.110001
    1388547850 5.40  27.84            80.080002
    1388547850 5.40  31.40            83.300003
    1388547850 5.40  51.26           264.880005
    1388547850 5.40  52.28           270.450012
    1388547850 5.40  53.86           271.829987
    1388547850 5.40  54.94           270.850006
    1388547850 5.40  56.66           270.660004
    1388547850 5.40  57.30           270.609985
    1388547850 5.40  58.00           270.410004
    1388547850 4.80  22.24           131.789993
    1388547850 4.80  23.04           128.550003
    1388547850 4.80  23.84           117.330002
    1388547850 4.80  25.44           179.160004
    1388547850 4.80  26.24            99.790001
    1388547850 4.80  27.84            92.750000
    1388547850 4.80  31.40            95.550003
    1388547850 4.80  51.26           266.989990
    1388547850 4.80  52.28           271.049988
    1388547850 4.80  53.86           271.839996
    1388547850 4.80  54.94           271.200012
    1388547850 4.80  56.66           270.779999
    1388547850 4.80  57.30           270.730011
    1388547850 4.80  58.00           270.700012
    1388547850 4.20  22.24           145.350006
    1388547850 4.20  23.04           143.509995
    1388547850 4.20  23.84           132.139999
    1388547850 4.20  25.44           242.820007
    1388547850 4.20  26.24           116.959999
    1388547850 4.20  27.84           108.949997
    1388547850 4.20  31.40           112.019997
    1388547850 4.20  51.26           268.019989
    1388547850 4.20  52.28           271.149994
    1388547850 4.20  53.86           271.480011
    1388547850 4.20  54.94           270.750000
    1388547850 4.20  56.66           270.410004
    1388547850 4.20  57.30           270.420013
    1388547850 4.20  58.00           270.299988
    1388547850 0.00  22.24           269.559998
    1388547850 0.00  23.04           269.559998
    1388547850 0.00  23.84           269.559998
    1388547850 0.00  25.44           269.559998
    1388547850 0.00  26.24           269.559998
    1388547850 0.00  27.84           269.559998
    1388547850 0.00  31.40           269.559998
    1388547850 0.00  51.26           269.559998
    1388547850 0.00  52.28           269.559998
    1388547850 0.00  53.86           269.559998
    1388547850 0.00  54.94           269.559998
    1388547850 0.00  56.66           269.559998
    1388547850 0.00  57.30           269.559998
    1388547850 0.00  58.00           269.559998
    1388548151 90.00  22.24            15.300000
    1388548151 90.00  23.04            14.690000
    1388548151 90.00  23.84            13.590000
    1388548151 90.00  25.44            11.230000
    1388548151 90.00  26.24            10.550000
    1388548151 90.00  27.84            10.070000
    1388548151 90.00  31.40            11.030000
    1388548151 90.00  51.26            91.150002
    1388548151 90.00  52.28           130.059998
    1388548151 90.00  53.86           233.399994
    1388548151 90.00  54.94           267.720001
    1388548151 90.00  56.66           271.739990
    1388548151 90.00  57.30           271.769989
    1388548151 90.00  58.00           271.500000
    1388548151 30.00  22.24            28.090000
    1388548151 30.00  23.04            27.040001
    1388548151 30.00  23.84            24.309999
    1388548151 30.00  25.44            19.830000
    1388548151 30.00  26.24            18.760000
    1388548151 30.00  27.84            17.760000
    1388548151 30.00  31.40            19.469999
    1388548151 30.00  51.26           151.050003
    1388548151 30.00  52.28           196.789993
    1388548151 30.00  53.86           264.869995
    1388548151 30.00  54.94           271.619995
    1388548151 30.00  56.66           271.739990
    1388548151 30.00  57.30           271.660004
    1388548151 30.00  58.00           271.549988
    1388548151 19.20  22.24            41.150002
    1388548151 19.20  23.04            39.430000
    1388548151 19.20  23.84            35.130001
    1388548151 19.20  25.44            28.650000
    1388548151 19.20  26.24            27.030001
    1388548151 19.20  27.84            25.650000
    1388548151 19.20  31.40            27.910000
    1388548151 19.20  51.26           191.470001
    1388548151 19.20  52.28           231.839996
    1388548151 19.20  53.86           270.059998
    1388548151 19.20  54.94           271.559998
    1388548151 19.20  56.66           271.160004
    1388548151 19.20  57.30           271.160004
    1388548151 19.20  58.00           270.910004
    1388548151 14.40  22.24            52.790001
    1388548151 14.40  23.04            50.680000
    1388548151 14.40  23.84            44.959999
    1388548151 14.40  25.44            36.880001
    1388548151 14.40  26.24            34.590000
    1388548151 14.40  27.84            32.849998
    1388548151 14.40  31.40            35.709999
    1388548151 14.40  51.26           216.970001
    1388548151 14.40  52.28           249.470001
    1388548151 14.40  53.86           271.390015
    1388548151 14.40  54.94           271.700012
    1388548151 14.40  56.66           271.170013
    1388548151 14.40  57.30           271.109985
    1388548151 14.40  58.00           270.790009
    1388548151 11.40  22.24            63.439999
    1388548151 11.40  23.04            61.110001
    1388548151 11.40  23.84            54.209999
    1388548151 11.40  25.44            44.639999
    1388548151 11.40  26.24            41.860001
    1388548151 11.40  27.84            39.820000
    1388548151 11.40  31.40            43.220001
    1388548151 11.40  51.26           234.000000
    1388548151 11.40  52.28           258.959991
    1388548151 11.40  53.86           271.600006
    1388548151 11.40  54.94           271.630005
    1388548151 11.40  56.66           271.149994
    1388548151 11.40  57.30           271.130005
    1388548151 11.40  58.00           270.859985
    1388548151 8.40  22.24            80.040001
    1388548151 8.40  23.04            77.449997
    1388548151 8.40  23.84            68.779999
    1388548151 8.40  25.44            63.000000
    1388548151 8.40  26.24            53.520000
    1388548151 8.40  27.84            50.840000
    1388548151 8.40  31.40            54.919998
    1388548151 8.40  51.26           250.259995
    1388548151 8.40  52.28           266.239990
    1388548151 8.40  53.86           271.640015
    1388548151 8.40  54.94           271.350006
    1388548151 8.40  56.66           271.019989
    1388548151 8.40  57.30           270.809998
    1388548151 8.40  58.00           270.589996
    1388548151 6.60  22.24            99.870003
    1388548151 6.60  23.04            96.430000
    1388548151 6.60  23.84            86.150002
    1388548151 6.60  25.44           118.739998
    1388548151 6.60  26.24            68.059998
    1388548151 6.60  27.84            64.059998
    1388548151 6.60  31.40            68.129997
    1388548151 6.60  51.26           260.029999
    1388548151 6.60  52.28           269.670013
    1388548151 6.60  53.86           271.690002
    1388548151 6.60  54.94           271.260010
    1388548151 6.60  56.66           270.929993
    1388548151 6.60  57.30           270.890015
    1388548151 6.60  58.00           270.519989
    1388548151 5.40  22.24           119.440002
    1388548151 5.40  23.04           115.989998
    1388548151 5.40  23.84           104.830002
    1388548151 5.40  25.44           159.910004
    1388548151 5.40  26.24            86.059998
    1388548151 5.40  27.84            80.139999
    1388548151 5.40  31.40            83.260002
    1388548151 5.40  51.26           264.679993
    1388548151 5.40  52.28           271.040009
    1388548151 5.40  53.86           271.500000
    1388548151 5.40  54.94           271.149994
    1388548151 5.40  56.66           270.649994
    1388548151 5.40  57.30           270.730011
    1388548151 5.40  58.00           270.369995
    1388548151 4.80  22.24           131.779999
    1388548151 4.80  23.04           128.910004
    1388548151 4.80  23.84           117.610001
    1388548151 4.80  25.44           179.059998
    1388548151 4.80  26.24            99.730003
    1388548151 4.80  27.84            92.669998
    1388548151 4.80  31.40            95.519997
    1388548151 4.80  51.26           266.450012
    1388548151 4.80  52.28           271.230011
    1388548151 4.80  53.86           271.359985
    1388548151 4.80  54.94           271.029999
    1388548151 4.80  56.66           270.489990
    1388548151 4.80  57.30           270.549988
    1388548151 4.80  58.00           270.279999
    1388548151 4.20  22.24           145.360001
    1388548151 4.20  23.04           143.910004
    1388548151 4.20  23.84           132.339996
    1388548151 4.20  25.44           242.330002
    1388548151 4.20  26.24           117.000000
    1388548151 4.20  27.84           108.919998
    1388548151 4.20  31.40           112.029999
    1388548151 4.20  51.26           268.299988
    1388548151 4.20  52.28           271.720001
    1388548151 4.20  53.86           271.470001
    1388548151 4.20  54.94           271.070007
    1388548151 4.20  56.66           270.670013
    1388548151 4.20  57.30           270.549988
    1388548151 4.20  58.00           270.390015
    1388548151 0.00  22.24           269.809998
    1388548151 0.00  23.04           269.809998
    1388548151 0.00  23.84           269.809998
    1388548151 0.00  25.44           269.809998
    1388548151 0.00  26.24           269.809998
    1388548151 0.00  27.84           269.809998
    1388548151 0.00  31.40           269.809998
    1388548151 0.00  51.26           269.809998
    1388548151 0.00  52.28           269.809998
    1388548151 0.00  53.86           269.809998
    1388548151 0.00  54.94           269.809998
    1388548151 0.00  56.66           269.809998
    1388548151 0.00  57.30           269.809998
    1388548151 0.00  58.00           269.809998
# Input file: /home/c707165/Steffi/HATPRO/TestData/python_one_hour//ZENIT_140101_035411.BLB
# BLBMin_25.44 11.0900001526
# BLBMin_56.66 271.649993896
# BLBMin_31.4 269.859985352
# BLBMax_56.66 272.329986572
# BLBMax_25.44 91.0400009155
# BLBMin_51.26 269.880004883
# BLBMin_52.28 269.880004883
# BLBMin_23.84 10.5900001526
# FreqAnz 14
# BLBMax_31.4 269.859985352
# BLBTimeRef 1
# BLBCode 567845848
# BLBMin_26.24 129.729995728
# BLBMin_23.04 13.4799995422
# BLBMax_27.84 269.859985352
# BLBMax_58.0 272.0
# BLBMin_57.3 272.089996338
# BLBMax_54.94 269.880004883
# BLBMax_23.84 10.1199998856
# BLBMax_26.24 233.130004883
# BLBMax_22.24 14.6400003433
# BLBMax_52.28 269.880004883
# BLBMin_58.0 272.149993896
# AngleAnz 10
# BLBMin_53.86 269.880004883
# N 3
# BLBMax_53.86 269.880004883
# BLBMin_22.24 15.3599996567
# BLBMax_23.04 11.220000267
# BLBMax_51.26 269.880004883
# BLBMin_27.84 267.769989014
# BLBMax_57.3 272.029998779
# BLBMin_54.94 269.880004883
# timestamp elevation frequence value
    1388548451 90.00  22.24            15.360000
    1388548451 90.00  23.04            14.640000
    1388548451 90.00  23.84            13.500000
    1388548451 90.00  25.44            11.220000
    1388548451 90.00  26.24            10.590000
    1388548451 90.00  27.84            10.120000
    1388548451 90.00  31.40            11.090000
    1388548451 90.00  51.26            91.290001
    1388548451 90.00  52.28           129.979996
    1388548451 90.00  53.86           233.179993
    1388548451 90.00  54.94           267.850006
    1388548451 90.00  56.66           271.739990
    1388548451 90.00  57.30           271.809998
    1388548451 90.00  58.00           271.790009
    1388548451 30.00  22.24            28.070000
    1388548451 30.00  23.04            26.889999
    1388548451 30.00  23.84            24.100000
    1388548451 30.00  25.44            19.809999
    1388548451 30.00  26.24            18.770000
    1388548451 30.00  27.84            17.860001
    1388548451 30.00  31.40            19.480000
    1388548451 30.00  51.26           151.089996
    1388548451 30.00  52.28           196.389999
    1388548451 30.00  53.86           264.700012
    1388548451 30.00  54.94           271.510010
    1388548451 30.00  56.66           271.559998
    1388548451 30.00  57.30           271.570007
    1388548451 30.00  58.00           271.359985
    1388548451 19.20  22.24            41.360001
    1388548451 19.20  23.04            39.480000
    1388548451 19.20  23.84            35.119999
    1388548451 19.20  25.44            28.799999
    1388548451 19.20  26.24            27.170000
    1388548451 19.20  27.84            25.820000
    1388548451 19.20  31.40            28.190001
    1388548451 19.20  51.26           192.279999
    1388548451 19.20  52.28           232.289993
    1388548451 19.20  53.86           270.269989
    1388548451 19.20  54.94           271.869995
    1388548451 19.20  56.66           271.609985
    1388548451 19.20  57.30           271.589996
    1388548451 19.20  58.00           271.440002
    1388548451 14.40  22.24            53.240002
    1388548451 14.40  23.04            50.910000
    1388548451 14.40  23.84            45.090000
    1388548451 14.40  25.44            37.080002
    1388548451 14.40  26.24            34.779999
    1388548451 14.40  27.84            33.040001
    1388548451 14.40  31.40            35.930000
    1388548451 14.40  51.26           216.940002
    1388548451 14.40  52.28           249.369995
    1388548451 14.40  53.86           271.420013
    1388548451 14.40  54.94           271.640015
    1388548451 14.40  56.66           271.250000
    1388548451 14.40  57.30           271.160004
    1388548451 14.40  58.00           271.119995
    1388548451 11.40  22.24            64.410004
    1388548451 11.40  23.04            61.779999
    1388548451 11.40  23.84            54.750000
    1388548451 11.40  25.44            45.049999
    1388548451 11.40  26.24            42.250000
    1388548451 11.40  27.84            40.119999
    1388548451 11.40  31.40            43.470001
    1388548451 11.40  51.26           234.000000
    1388548451 11.40  52.28           259.070007
    1388548451 11.40  53.86           271.589996
    1388548451 11.40  54.94           271.559998
    1388548451 11.40  56.66           271.170013
    1388548451 11.40  57.30           271.049988
    1388548451 11.40  58.00           271.089996
    1388548451 8.40  22.24            81.059998
    1388548451 8.40  23.04            78.129997
    1388548451 8.40  23.84            69.430000
    1388548451 8.40  25.44            64.070000
    1388548451 8.40  26.24            54.029999
    1388548451 8.40  27.84            51.270000
    1388548451 8.40  31.40            55.320000
    1388548451 8.40  51.26           250.490005
    1388548451 8.40  52.28           266.309998
    1388548451 8.40  53.86           271.570007
    1388548451 8.40  54.94           271.359985
    1388548451 8.40  56.66           271.209991
    1388548451 8.40  57.30           271.170013
    1388548451 8.40  58.00           270.929993
    1388548451 6.60  22.24           100.459999
    1388548451 6.60  23.04            96.629997
    1388548451 6.60  23.84            86.389999
    1388548451 6.60  25.44           123.529999
    1388548451 6.60  26.24            68.349998
    1388548451 6.60  27.84            64.269997
    1388548451 6.60  31.40            68.330002
    1388548451 6.60  51.26           260.000000
    1388548451 6.60  52.28           269.529999
    1388548451 6.60  53.86           271.679993
    1388548451 6.60  54.94           271.540009
    1388548451 6.60  56.66           271.170013
    1388548451 6.60  57.30           271.059998
    1388548451 6.60  58.00           270.880005
    1388548451 5.40  22.24           119.739998
    1388548451 5.40  23.04           115.949997
    1388548451 5.40  23.84           104.779999
    1388548451 5.40  25.44           166.160004
    1388548451 5.40  26.24            86.220001
    1388548451 5.40  27.84            80.239998
    1388548451 5.40  31.40            83.339996
    1388548451 5.40  51.26           264.950012
    1388548451 5.40  52.28           271.089996
    1388548451 5.40  53.86           271.690002
    1388548451 5.40  54.94           271.339996
    1388548451 5.40  56.66           271.070007
    1388548451 5.40  57.30           270.929993
    1388548451 5.40  58.00           270.760010
    1388548451 4.80  22.24           131.880005
    1388548451 4.80  23.04           128.699997
    1388548451 4.80  23.84           117.389999
    1388548451 4.80  25.44           182.800003
    1388548451 4.80  26.24            99.879997
    1388548451 4.80  27.84            92.820000
    1388548451 4.80  31.40            95.570000
    1388548451 4.80  51.26           266.850006
    1388548451 4.80  52.28           271.339996
    1388548451 4.80  53.86           271.760010
    1388548451 4.80  54.94           271.410004
    1388548451 4.80  56.66           271.019989
    1388548451 4.80  57.30           270.940002
    1388548451 4.80  58.00           270.750000
    1388548451 4.20  22.24           145.419998
    1388548451 4.20  23.04           143.369995
    1388548451 4.20  23.84           132.210007
    1388548451 4.20  25.44           246.160004
    1388548451 4.20  26.24           117.139999
    1388548451 4.20  27.84           109.070000
    1388548451 4.20  31.40           112.089996
    1388548451 4.20  51.26           268.309998
    1388548451 4.20  52.28           271.540009
    1388548451 4.20  53.86           271.329987
    1388548451 4.20  54.94           270.959991
    1388548451 4.20  56.66           270.579987
    1388548451 4.20  57.30           270.600006
    1388548451 4.20  58.00           270.470001
    1388548451 0.00  22.24           269.859985
    1388548451 0.00  23.04           269.859985
    1388548451 0.00  23.84           269.859985
    1388548451 0.00  25.44           269.859985
    1388548451 0.00  26.24           269.859985
    1388548451 0.00  27.84           269.859985
    1388548451 0.00  31.40           269.859985
    1388548451 0.00  51.26           269.859985
    1388548451 0.00  52.28           269.859985
    1388548451 0.00  53.86           269.859985
    1388548451 0.00  54.94           269.859985
    1388548451 0.00  56.66           269.859985
    1388548451 0.00  57.30           269.859985
    1388548451 0.00  58.00           269.859985
    1388548751 90.00  22.24            15.440000
    1388548751 90.00  23.04            14.770000
    1388548751 90.00  23.84            13.480000
    1388548751 90.00  25.44            11.320000
    1388548751 90.00  26.24            10.700000
    1388548751 90.00  27.84            10.360000
    1388548751 90.00  31.40            11.170000
    1388548751 90.00  51.26            91.040001
    1388548751 90.00  52.28           129.729996
    1388548751 90.00  53.86           233.539993
    1388548751 90.00  54.94           267.769989
    1388548751 90.00  56.66           272.029999
    1388548751 90.00  57.30           272.019989
    1388548751 90.00  58.00           271.890015
    1388548751 30.00  22.24            28.070000
    1388548751 30.00  23.04            26.920000
    1388548751 30.00  23.84            24.090000
    1388548751 30.00  25.44            19.850000
    1388548751 30.00  26.24            18.790001
    1388548751 30.00  27.84            17.980000
    1388548751 30.00  31.40            19.549999
    1388548751 30.00  51.26           151.000000
    1388548751 30.00  52.28           196.649994
    1388548751 30.00  53.86           265.109985
    1388548751 30.00  54.94           271.769989
    1388548751 30.00  56.66           272.010010
    1388548751 30.00  57.30           271.869995
    1388548751 30.00  58.00           271.890015
    1388548751 19.20  22.24            40.880001
    1388548751 19.20  23.04            39.080002
    1388548751 19.20  23.84            34.799999
    1388548751 19.20  25.44            28.570000
    1388548751 19.20  26.24            27.000000
    1388548751 19.20  27.84            25.680000
    1388548751 19.20  31.40            27.980000
    1388548751 19.20  51.26           191.479996
    1388548751 19.20  52.28           231.550003
    1388548751 19.20  53.86           270.470001
    1388548751 19.20  54.94           271.850006
    1388548751 19.20  56.66           271.769989
    1388548751 19.20  57.30           271.579987
    1388548751 19.20  58.00           271.649994
    1388548751 14.40  22.24            52.900002
    1388548751 14.40  23.04            50.630001
    1388548751 14.40  23.84            44.860001
    1388548751 14.40  25.44            36.860001
    1388548751 14.40  26.24            34.610001
    1388548751 14.40  27.84            32.860001
    1388548751 14.40  31.40            35.720001
    1388548751 14.40  51.26           216.169998
    1388548751 14.40  52.28           248.850006
    1388548751 14.40  53.86           271.630005
    1388548751 14.40  54.94           272.089996
    1388548751 14.40  56.66           271.739990
    1388548751 14.40  57.30           271.709991
    1388548751 14.40  58.00           271.519989
    1388548751 11.40  22.24            65.160004
    1388548751 11.40  23.04            62.500000
    1388548751 11.40  23.84            55.230000
    1388548751 11.40  25.44            45.480000
    1388548751 11.40  26.24            42.599998
    1388548751 11.40  27.84            40.470001
    1388548751 11.40  31.40            43.810001
    1388548751 11.40  51.26           234.300003
    1388548751 11.40  52.28           259.079987
    1388548751 11.40  53.86           272.070007
    1388548751 11.40  54.94           272.070007
    1388548751 11.40  56.66           271.929993
    1388548751 11.40  57.30           271.820007
    1388548751 11.40  58.00           271.790009
    1388548751 8.40  22.24            82.169998
    1388548751 8.40  23.04            79.239998
    1388548751 8.40  23.84            70.070000
    1388548751 8.40  25.44            65.070000
    1388548751 8.40  26.24            54.480000
    1388548751 8.40  27.84            51.669998
    1388548751 8.40  31.40            55.660000
    1388548751 8.40  51.26           250.729996
    1388548751 8.40  52.28           266.269989
    1388548751 8.40  53.86           272.160004
    1388548751 8.40  54.94           271.820007
    1388548751 8.40  56.66           271.720001
    1388548751 8.40  57.30           271.500000
    1388548751 8.40  58.00           271.470001
    1388548751 6.60  22.24           101.510002
    1388548751 6.60  23.04            97.629997
    1388548751 6.60  23.84            87.089996
    1388548751 6.60  25.44           125.430000
    1388548751 6.60  26.24            68.919998
    1388548751 6.60  27.84            64.779999
    1388548751 6.60  31.40            68.820000
    1388548751 6.60  51.26           260.220001
    1388548751 6.60  52.28           269.559998
    1388548751 6.60  53.86           272.329987
    1388548751 6.60  54.94           271.820007
    1388548751 6.60  56.66           271.450012
    1388548751 6.60  57.30           271.320007
    1388548751 6.60  58.00           271.149994
    1388548751 5.40  22.24           120.760002
    1388548751 5.40  23.04           116.900002
    1388548751 5.40  23.84           105.510002
    1388548751 5.40  25.44           166.550003
    1388548751 5.40  26.24            86.870003
    1388548751 5.40  27.84            80.870003
    1388548751 5.40  31.40            83.940002
    1388548751 5.40  51.26           264.790009
    1388548751 5.40  52.28           270.730011
    1388548751 5.40  53.86           272.160004
    1388548751 5.40  54.94           271.589996
    1388548751 5.40  56.66           271.239990
    1388548751 5.40  57.30           271.130005
    1388548751 5.40  58.00           271.070007
    1388548751 4.80  22.24           132.860001
    1388548751 4.80  23.04           129.779999
    1388548751 4.80  23.84           118.080002
    1388548751 4.80  25.44           179.020004
    1388548751 4.80  26.24           100.550003
    1388548751 4.80  27.84            93.410004
    1388548751 4.80  31.40            96.260002
    1388548751 4.80  51.26           266.880005
    1388548751 4.80  52.28           271.329987
    1388548751 4.80  53.86           271.929993
    1388548751 4.80  54.94           271.600006
    1388548751 4.80  56.66           271.269989
    1388548751 4.80  57.30           271.070007
    1388548751 4.80  58.00           271.070007
    1388548751 4.20  22.24           146.289993
    1388548751 4.20  23.04           144.479996
    1388548751 4.20  23.84           132.970001
    1388548751 4.20  25.44           242.139999
    1388548751 4.20  26.24           117.790001
    1388548751 4.20  27.84           109.779999
    1388548751 4.20  31.40           112.800003
    1388548751 4.20  51.26           268.589996
    1388548751 4.20  52.28           271.649994
    1388548751 4.20  53.86           272.019989
    1388548751 4.20  54.94           271.380005
    1388548751 4.20  56.66           271.019989
    1388548751 4.20  57.30           270.950012
    1388548751 4.20  58.00           270.850006
    1388548751 0.00  22.24           269.880005
    1388548751 0.00  23.04           269.880005
    1388548751 0.00  23.84           269.880005
    1388548751 0.00  25.44           269.880005
    1388548751 0.00  26.24           269.880005
    1388548751 0.00  27.84           269.880005
    1388548751 0.00  31.40           269.880005
    1388548751 0.00  51.26           269.880005
    1388548751 0.00  52.28           269.880005
    1388548751 0.00  53.86           269.880005
    1388548751 0.00  54.94           269.880005
    1388548751 0.00  56.66           269.880005
    1388548751 0.00  57.30           269.880005
    1388548751 0.00  58.00           269.880005
    1388549144 90.00  22.24            15.550000
    1388549144 90.00  23.04            14.960000
    1388549144 90.00  23.84            13.680000
    1388549144 90.00  25.44            11.450000
    1388549144 90.00  26.24            10.800000
    1388549144 90.00  27.84            10.430000
    1388549144 90.00  31.40            11.240000
    1388549144 90.00  51.26            91.099998
    1388549144 90.00  52.28           129.990005
    1388549144 90.00  53.86           233.130005
    1388549144 90.00  54.94           268.029999
    1388549144 90.00  56.66           271.959991
    1388549144 90.00  57.30           272.149994
    1388549144 90.00  58.00           272.000000
    1388549144 30.00  22.24            28.059999
    1388549144 30.00  23.04            27.020000
    1388549144 30.00  23.84            24.040001
    1388549144 30.00  25.44            19.900000
    1388549144 30.00  26.24            18.809999
    1388549144 30.00  27.84            17.959999
    1388549144 30.00  31.40            19.580000
    1388549144 30.00  51.26           150.979996
    1388549144 30.00  52.28           196.470001
    1388549144 30.00  53.86           264.760010
    1388549144 30.00  54.94           271.660004
    1388549144 30.00  56.66           271.940002
    1388549144 30.00  57.30           271.809998
    1388549144 30.00  58.00           271.700012
    1388549144 19.20  22.24            41.130001
    1388549144 19.20  23.04            39.470001
    1388549144 19.20  23.84            35.070000
    1388549144 19.20  25.44            28.840000
    1388549144 19.20  26.24            27.190001
    1388549144 19.20  27.84            25.860001
    1388549144 19.20  31.40            28.200001
    1388549144 19.20  51.26           192.339996
    1388549144 19.20  52.28           232.220001
    1388549144 19.20  53.86           270.309998
    1388549144 19.20  54.94           271.980011
    1388549144 19.20  56.66           271.670013
    1388549144 19.20  57.30           271.570007
    1388549144 19.20  58.00           271.480011
    1388549144 14.40  22.24            52.900002
    1388549144 14.40  23.04            50.709999
    1388549144 14.40  23.84            45.000000
    1388549144 14.40  25.44            37.110001
    1388549144 14.40  26.24            34.770000
    1388549144 14.40  27.84            33.000000
    1388549144 14.40  31.40            35.930000
    1388549144 14.40  51.26           216.899994
    1388549144 14.40  52.28           249.440002
    1388549144 14.40  53.86           271.369995
    1388549144 14.40  54.94           271.890015
    1388549144 14.40  56.66           271.600006
    1388549144 14.40  57.30           271.529999
    1388549144 14.40  58.00           271.359985
    1388549144 11.40  22.24            64.889999
    1388549144 11.40  23.04            62.320000
    1388549144 11.40  23.84            55.180000
    1388549144 11.40  25.44            45.439999
    1388549144 11.40  26.24            42.500000
    1388549144 11.40  27.84            40.290001
    1388549144 11.40  31.40            43.689999
    1388549144 11.40  51.26           234.179993
    1388549144 11.40  52.28           258.899994
    1388549144 11.40  53.86           271.570007
    1388549144 11.40  54.94           271.820007
    1388549144 11.40  56.66           271.410004
    1388549144 11.40  57.30           271.369995
    1388549144 11.40  58.00           271.329987
    1388549144 8.40  22.24            82.870003
    1388549144 8.40  23.04            80.160004
    1388549144 8.40  23.84            70.739998
    1388549144 8.40  25.44            65.050003
    1388549144 8.40  26.24            54.830002
    1388549144 8.40  27.84            51.880001
    1388549144 8.40  31.40            55.860001
    1388549144 8.40  51.26           250.610001
    1388549144 8.40  52.28           266.239990
    1388549144 8.40  53.86           271.899994
    1388549144 8.40  54.94           271.570007
    1388549144 8.40  56.66           271.309998
    1388549144 8.40  57.30           271.049988
    1388549144 8.40  58.00           271.179993
    1388549144 6.60  22.24           102.720001
    1388549144 6.60  23.04            99.019997
    1388549144 6.60  23.84            88.160004
    1388549144 6.60  25.44           124.000000
    1388549144 6.60  26.24            69.639999
    1388549144 6.60  27.84            65.250000
    1388549144 6.60  31.40            69.180000
    1388549144 6.60  51.26           260.029999
    1388549144 6.60  52.28           269.679993
    1388549144 6.60  53.86           271.940002
    1388549144 6.60  54.94           271.640015
    1388549144 6.60  56.66           271.250000
    1388549144 6.60  57.30           271.149994
    1388549144 6.60  58.00           271.100006
    1388549144 5.40  22.24           121.919998
    1388549144 5.40  23.04           118.309998
    1388549144 5.40  23.84           106.720001
    1388549144 5.40  25.44           165.130005
    1388549144 5.40  26.24            87.739998
    1388549144 5.40  27.84            81.500000
    1388549144 5.40  31.40            84.489998
    1388549144 5.40  51.26           264.970001
    1388549144 5.40  52.28           270.899994
    1388549144 5.40  53.86           271.970001
    1388549144 5.40  54.94           271.459991
    1388549144 5.40  56.66           270.989990
    1388549144 5.40  57.30           271.010010
    1388549144 5.40  58.00           270.850006
    1388549144 4.80  22.24           134.080002
    1388549144 4.80  23.04           131.020004
    1388549144 4.80  23.84           119.400002
    1388549144 4.80  25.44           183.860001
    1388549144 4.80  26.24           101.500000
    1388549144 4.80  27.84            94.199997
    1388549144 4.80  31.40            96.900002
    1388549144 4.80  51.26           266.980011
    1388549144 4.80  52.28           271.519989
    1388549144 4.80  53.86           271.989990
    1388549144 4.80  54.94           271.549988
    1388549144 4.80  56.66           271.149994
    1388549144 4.80  57.30           271.109985
    1388549144 4.80  58.00           271.000000
    1388549144 4.20  22.24           147.369995
    1388549144 4.20  23.04           145.610001
    1388549144 4.20  23.84           134.050003
    1388549144 4.20  25.44           251.899994
    1388549144 4.20  26.24           118.779999
    1388549144 4.20  27.84           110.430000
    1388549144 4.20  31.40           113.470001
    1388549144 4.20  51.26           268.359985
    1388549144 4.20  52.28           271.609985
    1388549144 4.20  53.86           271.779999
    1388549144 4.20  54.94           271.220001
    1388549144 4.20  56.66           270.799988
    1388549144 4.20  57.30           270.739990
    1388549144 4.20  58.00           270.649994
    1388549144 0.00  22.24           269.859985
    1388549144 0.00  23.04           269.859985
    1388549144 0.00  23.84           269.859985
    1388549144 0.00  25.44           269.859985
    1388549144 0.00  26.24           269.859985
    1388549144 0.00  27.84           269.859985
    1388549144 0.00  31.40           269.859985
    1388549144 0.00  51.26           269.859985
    1388549144 0.00  52.28           269.859985
    1388549144 0.00  53.86           269.859985
    1388549144 0.00  54.94           269.859985
    1388549144 0.00  56.66           269.859985
    1388549144 0.00  57.30           269.859985
    1388549144 0.00  58.00           269.859985
